5646025
0 49
1 21
2 10
3 126
4 95
5 78
6 115
7 61
8 39
9 21
10 42
11 118
12 109
13 25
14 116
15 70
16 29
17 2
18 55
19 94
20 71
21 117
22 90
23 128
24 77
25 72
26 133
27 82
28 73
29 60
30 75
31 105
32 40
33 72
34 84
35 125
36 24
37 60
38 135
39 33
40 123
41 108
42 52
43 135
44 33
45 144
46 79
47 124
48 12
49 14
50 43
51 71
52 83
53 76
54 6
55 146
56 106
57 100
58 76
59 12
60 3
61 133
62 53
63 58
64 92
65 121
66 9
67 14
68 10
69 83
70 40
71 27
72 31
73 2
74 49
75 72
76 62
77 18
78 30
79 115
80 25
81 95
82 59
83 21
84 121
85 77
86 75
87 71
88 137
89 4
90 114
91 51
92 14
93 47
94 14
95 29
96 37
97 103
98 79
99 11
100 58
101 66
102 39
103 76
104 74
105 22
106 77
107 73
108 72
109 86
110 27
111 75
112 95
113 114
114 129
115 24
116 68
117 8
118 119
119 127
120 61
121 32
122 100
123 8
124 10
125 5
126 97
127 13
128 44
129 54
130 1
131 40
132 59
133 33
134 29
135 111
136 69
137 20
138 94
139 92
140 68
141 103
142 27
143 88
144 36
145 53
146 61
147 145
148 105
149 3
150 3
151 138
152 19
153 34
154 86
155 23
156 19
157 81
158 99
159 18
160 125
161 33
162 24
163 38
164 45
165 103
166 82
167 100
168 95
169 79
170 37
171 63
172 93
173 5
174 99
175 96
176 17
177 115
178 61
179 138
180 139
181 46
182 147
183 23
184 69
185 38
186 37
187 3
188 13
189 108
190 38
191 125
192 39
193 27
194 135
195 48
196 123
197 24
198 81
199 1
200 28
201 73
202 21
203 147
204 90
205 93
206 87
207 90
208 82
209 67
210 147
211 70
212 19
213 27
214 21
215 34
216 126
217 96
218 88
219 147
220 26
221 26
222 81
223 101
224 72
225 54
226 135
227 148
228 108
229 2
230 69
231 147
232 136
233 92
234 116
235 123
236 54
237 81
238 97
239 37
240 34
241 7
242 71
243 20
244 127
245 77
246 73
247 34
248 19
249 3
250 40
251 91
252 69
253 55
254 56
255 132
256 124
257 92
258 74
259 132
260 50
261 129
262 34
263 79
264 31
265 148
266 27
267 55
268 71
269 48
270 142
271 65
272 7
273 41
274 68
275 28
276 15
277 64
278 39
279 7
280 120
281 67
282 79
283 88
284 74
285 113
286 106
287 41
288 30
289 18
290 112
291 83
292 41
293 125
294 22
295 141
296 105
297 75
298 59
299 23
300 88
301 73
302 127
303 79
304 21
305 60
306 144
307 38
308 3
309 127
310 104
311 116
312 142
313 62
314 41
315 110
316 97
317 11
318 106
319 44
320 82
321 117
322 2
323 102
324 102
325 72
326 58
327 62
328 111
329 122
330 145
331 84
332 10
333 103
334 134
335 21
336 99
337 42
338 48
339 51
340 9
341 88
342 31
343 90
344 122
345 50
346 123
347 56
348 1
349 102
350 60
351 30
352 145
353 37
354 73
355 72
356 130
357 69
358 4
359 1
360 140
361 12
362 112
363 79
364 55
365 37
366 60
367 91
368 117
369 108
370 96
371 52
372 121
373 109
374 148
375 57
376 93
377 24
378 85
379 138
380 111
381 80
382 92
383 55
384 4
385 109
386 125
387 25
388 60
389 99
390 21
391 147
392 57
393 95
394 55
395 76
396 11
397 101
398 148
399 93
400 13
401 74
402 26
403 44
404 121
405 101
406 44
407 90
408 94
409 141
410 2
411 22
412 91
413 45
414 40
415 102
416 60
417 55
418 126
419 25
420 137
421 64
422 28
423 149
424 130
425 147
426 40
427 131
428 59
429 80
430 26
431 85
432 38
433 111
434 83
435 10
436 142
437 104
438 51
439 46
440 70
441 2
442 139
443 141
444 100
445 48
446 64
447 58
448 149
449 82
450 77
451 18
452 67
453 55
454 43
455 69
456 116
457 8
458 98
459 111
460 42
461 127
462 126
463 123
464 147
465 67
466 120
467 55
468 12
469 98
470 39
471 116
472 116
473 17
474 98
475 131
476 18
477 114
478 47
479 48
480 92
481 100
482 103
483 120
484 107
485 144
486 143
487 124
488 103
489 64
490 130
491 71
492 36
493 91
494 62
495 88
496 93
497 55
498 52
499 104
500 57
501 122
502 51
503 126
504 77
505 38
506 107
507 5
508 81
509 51
510 92
511 99
512 60
513 37
514 91
515 2
516 72
517 109
518 82
519 112
520 136
521 25
522 42
523 145
524 69
525 65
526 50
527 146
528 60
529 130
530 105
531 102
532 39
533 149
534 7
535 2
536 114
537 3
538 36
539 29
540 122
541 114
542 103
543 37
544 41
545 123
546 1
547 140
548 31
549 53
550 141
551 96
552 35
553 26
554 140
555 99
556 88
557 135
558 101
559 128
560 91
561 34
562 83
563 87
564 33
565 66
566 2
567 38
568 88
569 107
570 25
571 140
572 35
573 94
574 132
575 120
576 4
577 114
578 86
579 22
580 77
581 67
582 34
583 97
584 117
585 116
586 74
587 145
588 36
589 4
590 112
591 100
592 23
593 76
594 21
595 79
596 55
597 99
598 137
599 22
600 35
601 59
602 23
603 144
604 78
605 115
606 122
607 146
608 98
609 94
610 59
611 14
612 79
613 75
614 68
615 119
616 81
617 81
618 8
619 126
620 31
621 111
622 67
623 148
624 54
625 9
626 61
627 131
628 123
629 132
630 92
631 72
632 26
633 18
634 33
635 92
636 49
637 127
638 63
639 15
640 63
641 13
642 110
643 58
644 86
645 73
646 132
647 78
648 21
649 17
650 71
651 52
652 62
653 69
654 60
655 28
656 28
657 9
658 31
659 113
660 30
661 112
662 128
663 113
664 22
665 43
666 35
667 12
668 150
669 79
670 33
671 70
672 146
673 70
674 118
675 56
676 90
677 93
678 79
679 26
680 133
681 112
682 79
683 33
684 140
685 130
686 61
687 138
688 115
689 145
690 34
691 139
692 137
693 105
694 23
695 22
696 4
697 18
698 60
699 100
700 109
701 94
702 120
703 29
704 35
705 109
706 20
707 67
708 135
709 84
710 87
711 134
712 28
713 89
714 94
715 27
716 47
717 147
718 12
719 78
720 23
